LL: [27.179736328124999, 47.70685546875, -10.24681640625]
LR: [30.997177734375001, -43.331308593750002, -12.389941406249999]
UL: [-28.106191406249998, 44.570302734374998, -10.51470703125]
UR: [-24.4226953125, -45.597216796874996, -11.508134765625]
